XAVBSV3009D;00155DD9C024;Site;BS DES APPS
XAPBSV3000D;00155DD9C001;Site;BS DES OFI IE10
XAPBSV3001D;00155DD9C003;Site;BS DES OFI IE10
XAPBSV3002D;00155DD9C005;Site;BS DES OFI IE11
XAPBSV3003D;00155DD9C007;Site;BS DES OFI IE11
XAPBSV3004D;00155DD9C009;Site;BS DES OFI IE11
XAPBSV3005D;00155DD9C017;Site;BS DES OFI IE11
XAPBSV3006D;00155DD9C019;Site;BS DES OFI IE11
XAPBSV3007D;00155DD9C01C;Site;BS DES OFI IE11
XACBSV3008D;00155DD9C01E;Site;BS DES SSCC IE10
XATBSV3043D;00155DD9C022;Site;BS DES TSB DESARROLLADORES
vdnbsv3000d;00155DD9C00B;Site;BS DES VDI POOLED
vdnbsv3001d;00155DD9C00D;Site;BS DES VDI POOLED
vdnbsv3002d;00155DD9C00F;Site;BS DES VDI POOLED
vdnbsv3003d;00155DD9C013;Site;BS DES VDI POOLED
vdnbsv3004d;00155DD9C011;Site;BS DES VDI POOLED
vdnbsv3005d;00155DD9C015;Site;BS DES VDI POOLED
XASBSV3002D;00155DD9C020;Site;BS SOLVIA
